8122 2501
-5388 7758
-7796 -6788
-3057 7201
1613 -7885
375 -3376
-1630 -6438
-1653 -1932
6202 -8395
7110 -6611
1364 -6092
3694 -2933
-8717 4116
1218 -6980
4197 4989
3821 7079
-6085 -5177
4787 -3372
7980 -561
7825 4603
8039 8288
5511 -8235
-9495 2297
1117 -4475
738 -3399
-9896 5028
-7893 -2458
-266 4806
8334 -790
6208 -482
9998 -5808
-1243 -6341
-1801 -6773
-9965 -4933
2721 -5142
2484 -502
-1222 -2280
5409 2188
-5982 -5233
4756 -4211
4240 8358
-4155 4271
4701 2475
-7541 929
-36 -7505
8249 8669
8200 -6360
-4095 8797
3542 1287
-3982 2669
-9900 8456
69 9864
4180 5403
2190 -3195
-1717 3327
-2356 -3990
927 -3603
-5612 3187
4738 5423
-7703 -6502
-6027 -3746
349 -9303
-1617 3410
3992 -5107
5816 8023
-5596 7959
-5965 2211
-8890 8395
-9959 5230
1204 -4609
795 8449
8048 5167
-474 5399
9905 5706
75 4217
-9730 -3015
-636 -2258
-4437 -9862
9045 -2659
-9306 -6366
-611 6597
1130 -3121
5925 9058
7943 6995
-2106 -9329
9228 6160
3477 1745
4590 -5623
9771 5568
5960 -8902
-9936 7967
5215 -9572
7749 -7122
-9250 455
4343 9676
-1184 2585
5706 3130
3031 6588
-3734 -147
2481 9368
-8767 70
4419 1819
1642 -3943
-5963 -4533
-2808 3956
-9155 -1613
1337 -2083
159 8242
-2628 1069
-2587 -1122
-5657 3322
-2611 -603
-7552 -5285
-3397 9660
5468 -727
5534 -4518
7762 -5830
2684 -2681
2943 3178
-6024 9196
-6587 2417
-3571 2293
3510 -180
-5503 7626
1993 3316
7396 1821
8132 -144
3972 -6882
-1945 -3398
-610 -7621
-9399 -8951
2204 -3098
-1724 194
-7803 3805
-986 -5085
7604 -9900
2302 6731
9057 -7745
-9642 -8568
-3129 -4663
-5735 -4096
-6191 -3381
6670 4592
9773 2735
-7854 -4854
3663 -9233
6239 8829
2499 526
1436 -9908
-5738 1617
1814 -20
2218 -7520
7095 -2736
-7985 2660
-8701 -9361
-938 6919
-3525 -9889
-9821 3422
-5994 4322
3677 -8251
6776 -1831
-5504 -6599
8672 6618
4940 -9469
-1281 2771
6990 -9811
-3247 6639
-8647 -6161
-5174 1267
-5460 -6034
-2600 6277
-6517 3980
5144 3620
9705 1904
-9607 -4269
3146 2463
-1815 -7486
5999 463
2743 -4591
-7289 -3628
-3453 -3176
-5353 -7567
3522 -2318
987 8477
-560 -6945
186 -3413
-4225 -1301
3522 -9858
-9034 3222
-976 9137
-9393 9760
5390 1322
4642 6316
-1212 1794
-4615 -5429
2935 6731
1546 6353
-1941 -9212
7192 -7731
5572 7980
-348 7438
-6247 -3556
5921 2764
-413 1296
8186 -3526
6701 -3897
8738 8042
9303 9206
-5638 6127
-8362 151
-9759 5269
182 1030
4931 5113
-8987 3086
6478 4069
4190 2689
3556 2341
-8019 -2691
9304 -816
1144 -9979
-2640 -1530
8059 3223
60 -3008
-2179 2360
-4595 -650
-1844 -5066
6533 4126
-6115 4973
8900 -4108
9024 4437
-1594 -1441
-7673 245
5038 3448
-4438 354
-2239 -963
6320 7014
4931 -889
4312 -1652
-7712 -8898
7534 9864
-7347 7940
809 9021
1324 -9981
9322 -3181
646 6699
-4092 -8170
-5940 9528
-9727 4479
3667 5152
526 3504
2041 9053
-8378 1286
6518 -929
7072 5476
9070 9952
-4040 9207
-9639 -1833
3586 3478
-5663 -1379
-2798 7711
-2334 2941
6712 7573
9452 -5664
3713 226
3767 -4427
6593 7951
2471 2846
9892 9552
-977 9026
621 -1002
-3181 -1467
7042 -6149
8540 -9910
-9205 -1204
-1115 -7873
740 -3398
-4165 -6201
1622 -2531
8574 -1345
-868 5901
-4821 -8773
-1259 -3312
-679 -962
-1382 -7597
4466 5475
-5165 5999
1025 -9769
-5769 6625
-1065 118
1151 240
-8516 -197
9080 7274
1626 4591
5850 8572
8228 -4282
2038 -9147
3263 8398
-8010 6123
1329 8782
3022 2019
7273 -778
8378 -8868
2629 -8314
-5460 905
-7287 -7173
7222 -1433
-4608 -4853
-2354 -6021
-8582 4105
415 -1513
-976 -9954
9250 -2483
-7795 2542
6037 -5841
-230 -6340
-8000 -501
4632 6810
-5498 -1865
4052 2559
-4340 -7405
4868 6309
8324 -1049
4152 8995
-8235 1938
1748 6122
5165 -7206
8516 145
-7038 7364
7973 1303
4455 -4114
3433 1849
1655 -6535
1 -9068
7558 7263
-8793 -2663
-6480 3808
1514 -2446
-6255 -6338
-2157 7554
5722 -5046
-4513 -7904
-7724 -3276
-1248 2292
2487 5799
6199 3867
-9361 1877
-4378 1341
-6872 6149
-9748 -4465
6168 -1978
9058 -2343
-6133 -2231
-137 -5173
-377 2700
-3057 8594
9303 -7065
1963 -1257
5849 8800
6697 -5367
-9892 9194
-2351 -6166
-5081 -3093
-9884 8746
-6007 -3408
5418 3063
7990 2013
-2226 -3861
-639 7330
-6492 -8342
8018 -519
-2407 -3562
-1932 1376
-4915 -5063
7408 -6863
-3447 1551
842 -6017
8305 9370
263 -3779
6931 6110
7545 128
665 -4133
-4647 -3649
1323 6543
-6696 3411
5542 1341
8608 -3356
-3935 4159
3857 -2234
-1192 -6989
-1143 -3237
-2808 1212
-7907 1450
-1766 -9846
-4642 3824
5137 -8432
4723 -2787
-9315 -8449
1114 5717
2937 8398
-5695 2509
2122 1098
-923 6627
2661 -281
8245 3714
-6695 1187
5934 5549
-2988 -7387
-1919 -8753
2254 4528
1885 8073
4861 -6714
4272 4524
-7378 9148
-2137 -1271
-1376 7169
-1282 4330
-7189 -5366
7811 -6479
7906 -6011
-8997 4879
9902 423
-5451 -431
-5366 -529
9764 -2590
490 -5279
-5565 -2773
8473 8664
-5599 4635
668 6090
3862 9784
-3348 -4125
-7397 5521
4716 7845
8799 7184
4747 592
-8147 -8809
3197 7582
7144 -1122
657 4156
-533 -3030
-826 9076
2078 8517
5901 -8433
-1513 543
-9265 -887
1362 8809
2986 7607
-9037 -2370
3338 3828
6851 7206
9433 -4561
-272 -6981
1389 -6772
-3291 -8742
-6208 5166
-2735 1769
1799 17
5594 8782
2515 7381
3433 6257
-7273 6552
1240 -1524
6785 2004
-9493 -2151
-3797 -693
3038 -3757
-6473 6476
3730 9520
-2679 8911
-7745 836
-380 -3913
-1163 4160
-5828 -9856
-5993 7313
4950 9730
6564 6895
-8942 5389
-320 -177
1140 439
-514 -9001
-2864 3483
2981 8024
-5525 -7183
-3471 -4800
-6713 -4672
824 836
-1362 -961
-9211 8749
-7214 -1888
-1144 7449
7819 9417
7760 -8340
2983 2248
-1358 -5586
9978 7606
-6682 -1774
-3675 4497
-6659 2501
-9353 9538
2697 8336
5548 -596
9302 -4846
2850 7571
2171 -1909
668 2107
152 -4979
4837 6667
843 2218
379 -7339
322 -4660
-1312 -3969
9971 8394
-330 7647
9967 -900
301 8098
-732 3215
-7284 -3580
6757 4353
397 7028
9323 6290
-236 8288
-9085 -3822
8100 6314
4528 -568
-9725 9144
-8020 -8579
925 -8608
8398 -3754
-8345 -9502
2216 -3321
848 9970
5208 -4661
5223 -4863
8825 -8219
3614 -489
2063 9222
-1425 2048
-4285 240
-7649 -5773
4170 5005
-4893 5356
-4254 -3097
-4218 5166
2738 7677
634 -9074
4017 -9557
-2857 -340
2884 755
-3773 21
-3184 -5567
4466 2931
-3556 5079
2707 -1630
5838 5374
5621 -3859
2444 2066
135 2674
3532 -8961
-2995 9964
1610 6393
-6732 5028
1323 1120
-2627 -1407
8277 -1907
2527 7091
-7547 1466
-681 6153
-878 -6178
-3748 -2588
-2505 -2429
-433 1169
-6199 158
-9570 -3963
3278 6032
-2813 9305
6410 -8850
-4106 -3745
-9390 -485
-4332 -6809
-2682 7500
-9468 5632
2475 6067
832 -9285
-5852 -2183
1752 1436
7642 -7320
-510 5310
-941 -8609
2083 -3260
1905 1809
-7746 8294
-8225 -7314
1407 -1018
42 3375
-1646 1485
-3510 -6918
9367 -6426
-9272 -529
3966 6476
-4308 -5703
-3876 1242
7902 -7143
7586 -3971
9703 -4025
9521 -3101
8376 8497
4151 -9290
-8166 9419
-537 -3711
285 2971
-4680 5783
3139 -5067
836 -7297
-7261 4628
7551 -9367
-9109 2233
5794 991
3422 -582
6890 1302
8467 -8870
-51 -1130
618 -8808
3864 5518
9674 6878
4189 3652
2083 -8477
-5162 -1396
8947 -6643
8014 1998
-9399 613
1245 2073
7863 9427
-9333 -7421
-1013 6759
-5633 -545
4629 3517
2645 4063
1531 7903
-7859 2909
4429 -7225
-1367 3228
-3844 -735
-5313 4976
3570 8202
-2980 1043
8728 9489
-9558 6493
-376 2482
6570 3888
9326 -8995
-75 29
4397 -5907
2944 3814
-8424 -5603
-2564 -8351
-3947 -4914
-9823 5974
-4682 -9428
5577 -4502
4487 -5811
8176 -854
-3983 -9851
9324 2892
1357 -2314
-3228 -9035
3794 -8884
-9670 6649
442 3183
-3838 -4374
8718 7972
-5832 -8347
2740 -7364
6636 -9175
-1632 -9078
-5679 3817
3430 -6493
-8217 -3320
3877 -1377
-8193 -439
1970 5979
6935 6802
1061 -7530
9610 106
9920 -3308
7060 -6713
-6849 -1835
-1009 -6098
1078 6565
1532 7524
-4849 -6342
4575 8029
2897 -1287
-3125 -6869
-2839 4463
-440 -2386
5835 7194
-3071 7266
7602 -9574
-7642 -1133
-4987 4978
-1385 3135
1179 -840
-4426 3591
4050 75
-7372 6719
7669 6517
-1327 4750
2103 9646
-7985 6047
-2631 526
9366 -1121
9461 -5707
7499 8191
-9956 -2135
-6031 -6739
-2097 -2912
-6958 448
-3742 -3799
2314 -8644
6634 903
-3953 9612
6248 -1185
-6883 1962
-9256 -5879
-1812 -4023
5906 -3162
4522 6544
8702 -8222
371 4614
-638 -4888
8638 -9289
-8201 1126
-156 -7914
6792 1444
959 1721
5341 -5476
-7349 2616
-2339 -5464
7186 8030
-6339 -9405
2945 4333
3485 -6812
9020 -3279
-2808 -8231
8363 4343
7051 8634
-7705 -1368
4160 7243
7175 -9726
-3358 -924
1672 2891
1164 9915
6036 94
2002 -4098
1151 -82
1702 -2573
-1972 2584
-2136 5321
2420 -6267
5777 5532
7223 -4290
-9046 2842
-4523 -1719
293 -2680
-5028 -4707
-9825 -4328
-4468 -656
5865 -9760
3077 -5845
-7558 4468
186 9830
-8649 1455
-1111 1134
1590 -9636
5156 2954
5362 -7815
-2417 -4638
-7133 9962
-3442 4341
5391 8326
-8579 -2506
1207 4250
8820 7821
555 6154
6816 -2689
6727 7234
-8318 3528
-7660 3653
-7414 -4694
5170 9803
-2650 9852
-2771 -3588
-8149 -2812
-1766 -7429
2250 -7668
7890 5181
4169 -7910
5340 -5980
-3707 6848
-8064 7668
-3860 2398
9264 9632
523 684
2944 6962
-8690 -7078
9261 -630
-7139 3428
-8715 9078
1366 -7072
1198 -6588
-7211 -6263
1106 -4240
-553 1735
9184 -7941
1910 -2727
-8925 -5371
1609 -5770
-6269 -1539
3104 -6714
-15 9512
8963 237
6565 8020
280 -4776
-3047 509
90 -3711
3554 5897
5862 -5268
-6274 7797
4971 -1625
-6719 -9755
-32 4227
6064 5049
-4605 4112
-6062 4523
2897 3458
4931 8051
7766 8051
-9230 -896
3536 1951
-7489 8005
-1977 5969
-7393 9352
1798 -1503
-3104 -206
-9570 -8944
5405 -7646
-8885 9766
8753 -6034
8276 7693
7351 2171
5277 5736
3445 6861
8339 46
2230 8020
995 -9637
-7829 -2643
6786 -7018
-2132 8776
4901 908
-6341 -6871
4802 -1353
3692 -6716
892 -1380
6308 672
5231 6242
6379 -6646
8890 -5688
3391 3922
1520 5547
-5378 -1329
8474 -9441
3620 -8732
2476 -1074
8708 651
-4634 8629
-7312 -3656
7583 6746
3097 -283
3957 -6676
661 7898
4325 105
-2226 -4071
3428 4482
6117 -5253
-3023 9359
38 -7444
8238 -4049
4877 5081
1469 -9708
9604 -7918
3356 1147
2632 -9977
6466 5406
-6380 -3002
-1993 525
4349 -3802
6488 2555
7850 -252
-4587 7068
-9004 -4031
-9121 -6530
-4989 -4026
-1629 -7600
1977 346
-6056 9798
-8661 -2774
2852 9892
-3019 -4791
7477 -5593
5708 -1131
-3967 -9545
5143 -6044
-635 -7077
-2022 -8943
7907 -9427
-4709 4240
-2548 2557
-9514 5867
6593 -8811
9048 2148
-6103 -8127
-3478 8375
-8325 -543
3843 3677
-1563 -819
646 -9213
2202 1717
-5288 6622
-8771 7724
-3033 -2680
5064 1695
161 -301
-2295 7089
-568 5992
868 -9781
2327 -4459
8036 -9203
-8728 798
7981 -4094
6256 9959
85 8111
-6266 7912
-6593 8246
5330 -3533
-8756 -8206
-4549 -6706
455 3403
-45 -8430
209 -979
4274 4943
9966 4709
3327 -6883
771 630
-6160 3392
-8860 82
9457 1862
-4204 7505
1230 4500
960 7355
6839 -7192
-6520 8738
8733 -2788
4212 5015
-3742 -372
4855 3077
3655 7581
-9330 -286
5658 -4283
-3839 -978
441 -3758
8473 7673
-4270 1329
213 8126
-3032 -9791
-2185 -841
-756 -6207
-9500 -1806
-5749 -1579
-5663 1459
-3690 4224
3574 8581
4878 9245
-3212 8825
-9608 2131
-6792 -1417
-6541 8411
-3388 -4651
5622 383
2054 9479
-2066 -5812
4294 2440
-9880 -7451
-2887 -6545
-3425 -1817
-3270 -4913
-3296 -4795
5786 9918
-9113 9553
4983 -7321
4466 3707
