6238 5983
3119 -1484
1921 -7309
-607 -3062
7380 2439
5642 3771
8694 7377
6401 1247
-7657 -5862
7157 -3553
5595 4492
5527 -5303
-8381 -1224
6017 -677
5659 -5664
-6061 8023
-6403 -990
-5089 -2839
-1060 6218
-2587 5348
6106 1980
2133 -5053
-8376 6213
7492 7144
2189 -7833
-7253 -9478
1510 1169
-9301 -4954
-9159 -3104
-2594 -8811
7809 -294
-8529 6211
-5268 -772
-946 3092
-8964 9082
-9533 2083
-6323 -2359
-7212 94
9428 8252
-3724 2888
1013 5111
-7281 471
697 -7807
248 -4336
-7595 -5596
952 -8858
4139 -8322
-7225 -2096
-4626 486
-6858 5517
-270 5655
1056 -9700
5663 -360
-6109 7219
-2113 -9489
4963 -8136
-8215 -1263
3820 4977
7389 -7918
3054 -3861
4215 8336
7927 -6792
-6707 2448
-6846 -2473
-8479 -1196
6749 -5684
-5373 -4684
2219 35
-7738 -1579
-3564 7374
3748 -4202
7612 4821
-5723 -1954
-8483 8729
-8119 3339
7242 -7901
-2942 -9169
-3944 -7064
3843 -156
1881 3366
9413 -9141
6653 -8701
-8521 -4289
8543 328
-6511 6678
-6525 -9173
-5423 -7940
65 -664
9 -785
-9249 1584
1400 5195
-6465 6363
7010 7925
6017 -9176
3410 7618
8448 -8393
-7362 -6551
-4761 7560
-7183 -6545
8433 621
-7858 6538
-6373 8483
-6544 460
-9804 -6268
9137 -8930
-8297 7918
5543 -355
7389 -2728
1176 -8934
7925 -8941
4365 2510
9229 -645
2664 -3905
2121 8052
-7991 -9284
344 8605
2668 1803
-4306 7750
-3851 -5904
5206 -6869
-7350 585
-5609 439
-4710 8681
2158 1784
-573 -4800
-7351 -627
7082 -384
-1792 3327
-8396 6453
-7355 -4434
5231 7224
3048 239
-1192 -2795
-5175 -8018
3167 -3983
-1002 -9891
6066 2053
-7072 6683
-3596 9495
5466 -7087
-6345 -2179
5865 2431
6394 2295
7227 -7499
6235 6787
7130 -8403
2749 2747
-7718 7264
-9347 -2357
4638 7067
8654 -2184
7259 -1328
6838 -5977
2425 5687
-8645 -931
2970 6935
-856 2154
4466 -7379
9139 1409
-3388 74
-1500 7817
2528 8343
-3854 7876
3426 -9255
-4203 -106
-6287 -870
-6402 9293
1233 -7918
5767 5714
-6424 -3746
-9881 -3646
8172 9712
8564 -6412
847 3985
-2968 -3626
-6072 5168
1260 -9165
3331 8708
-941 -8485
3948 -5179
2547 -4498
5359 8392
682 -6463
2364 -6940
7982 -9368
1683 4879
8779 -917
2399 4122
6992 -286
-7104 4738
-7309 6733
-1360 79
4272 -899
-6956 -8859
-5493 -1244
9938 -438
-5804 -5492
-8559 6496
6244 9819
-5390 868
9946 2060
-8828 7227
-2569 -9992
2407 1245
7186 4087
-6593 -8964
-51 -4079
-9307 4411
4627 5096
9308 3372
-8632 1463
1899 1255
8340 5151
9834 -9679
5482 5640
-4166 -7934
1308 5565
4905 -7054
828 -4807
5820 -8938
-8963 -6598
8747 -5177
7778 -695
-1084 6840
-2619 -959
5559 6709
-8749 -9325
-6858 -211
-609 -4331
-2446 3531
555 9836
531 8365
6513 -5851
-5711 -7914
-5967 9670
-9543 -1352
-1472 -642
1533 -4444
-513 -1758
-1361 -302
-5799 8852
-9466 -711
8671 26
9132 -919
-4419 -1516
437 4351
-6837 6185
-5268 5093
-9354 1026
542 2565
-9451 7906
-2371 -3582
-9541 387
2487 -2950
9332 -1249
-606 -4594
-397 565
6708 7973
-4042 -4881
-2089 578
4939 6682
2128 3071
2440 8420
7683 -4509
-3124 1118
-9580 -9431
-7468 9690
9102 -9734
8736 -217
-2399 4070
-6427 1220
7915 8093
-9404 7950
7526 4565
5666 6594
9028 666
371 5420
-8989 -8584
-22 9438
8278 5653
-2675 7948
6721 -3140
1887 -2223
-7328 -9549
-9995 144
6697 -6768
3089 5941
6260 3380
8939 1677
9793 -1295
-8640 9339
7463 -1880
-7654 3925
-2761 -6511
7632 5070
2173 -7562
6509 5457
-4794 -1783
4393 8086
5399 9613
-7139 4308
2328 -6828
381 3245
7931 9073
-2485 3649
-3581 7656
363 -718
-4618 2122
-3589 1049
4872 -7904
2721 -2185
-8583 -2315
6253 4667
-3535 -1325
-6276 6018
-8224 -1444
4877 -1059
4664 2914
-8114 80
-3607 3249
532 3743
7234 -4263
7174 -6573
2619 6013
2994 4425
-5613 -117
4803 -2718
-8687 987
1712 8941
-1296 -9262
-8306 5272
-4533 1926
5908 1613
6763 -5866
-2529 -8895
-3058 -1362
-559 7122
9353 8466
-4315 -3209
-4965 -2641
4912 -1870
-5446 -2166
-7526 348
5505 -7518
-1102 -4338
553 2078
8241 8340
5739 1688
4226 1583
-7039 -2389
4448 4070
2393 -6047
6974 6272
7090 9115
7896 -4029
7429 5855
-2747 -5367
-4788 -3199
6995 264
8370 3861
-3965 6555
-2220 -4908
5153 4666
5807 8132
-2174 8431
-4776 -7357
8626 -2917
-2123 9589
-5687 -5665
4670 -4553
-7709 5975
5119 3263
-7221 -9460
-1326 6988
-1490 -7158
2770 -7783
2135 840
6379 -900
-5409 -5117
-4314 -1440
-5958 9974
-1872 615
9259 2187
-3052 -9042
3169 -5192
-428 6873
1055 2986
-999 1066
-721 4427
-9181 -1949
6374 -252
7374 4092
6849 -8775
-3082 -2281
7799 4482
-1755 492
-2920 -4584
-3382 -2374
-6947 2509
-8517 -5302
7140 5071
-4753 -1528
690 8220
3224 2177
7031 -1796
4427 -1770
2588 -1404
-5743 -7529
1501 1808
-7235 5807
7946 -1665
-1196 -809
3854 -6637
-4550 8443
7382 -1904
47 -5796
-3527 -2247
-4990 -7664
-3300 2289
8539 -542
-6528 4191
-668 -6449
-863 4018
810 -3258
4132 -4653
3798 8215
1694 2029
1358 6876
-6067 2095
5658 -7203
-2277 -7007
5478 7963
-4078 -6145
-7850 -8542
-7033 2578
8089 2579
3973 2152
5941 -4038
5816 289
-5946 7396
-7943 9007
-9029 -4001
8559 8604
-9166 1367
3168 4756
6723 -5197
6414 5323
-3784 3162
9254 -7752
3190 -9760
-5180 -2739
-1018 -1520
5811 2275
6785 -5431
4736 8575
9283 5118
2312 -6887
-3386 -9373
-937 7531
-114 -7949
2843 4884
2526 428
-767 -9197
4277 -7081
7325 -4359
-3697 -9081
2905 8708
-8867 -3209
5900 -1127
-1874 88
-1337 4440
-6533 -1809
-2020 -8597
7855 -2868
-2259 7621
-9894 2247
2465 4182
7063 -7552
4533 5753
6052 -5972
-4471 973
-1842 -2032
-9005 7646
696 -2217
-8224 8854
-1361 7772
8475 6860
7245 6804
-8146 7174
-6988 1012
-1319 2796
7462 -2523
2831 8231
-8957 -7456
8319 -1046
-4711 -9444
-3874 -7594
8089 -9489
-8986 -122
6730 -4163
150 9754
-2830 7982
-4620 -589
6200 -5638
6601 2986
-4024 763
-3929 -7736
5754 1875
9931 -6575
-3377 7791
-9331 9218
9312 8726
-6511 -9232
6836 1330
-6365 -3993
4333 -5615
9084 -4395
6062 -5956
-7263 -9116
-3121 4162
-8872 -6321
-147 -7119
32 1132
8332 4641
-2184 -9452
8463 -7148
4398 -9981
-2852 -3618
4590 -3585
-5645 1988
-1692 -7506
-899 5202
5242 -9777
-6316 555
9925 4842
-8563 136
8086 5824
9710 126
1383 9192
-2370 -676
4057 -2263
-6592 -3779
7552 5120
-9990 -584
-8568 1355
-1891 5775
9086 7892
-4756 5997
7388 8696
-4551 -2493
5267 9152
3150 -6575
-7386 -79
-167 8934
7352 -5179
-3370 8198
-666 9546
6428 -7290
-2308 -794
7851 5162
3706 -6030
1783 -6229
-8551 -8565
-3802 -1384
-5633 4727
-7700 -1186
-7467 -3329
1952 6945
6945 -7031
5467 -2762
-325 -7187
-3691 580
-416 -1700
-7393 5350
-5658 2829
-1910 -9271
-230 -3658
-3102 -5075
-3533 7277
-9559 3240
7205 -1536
6674 400
-8757 7633
46 -2187
6699 -1716
8846 -1866
-2522 -9904
4923 -865
4471 6859
8669 -2016
-6774 -1685
-7549 -7953
8033 428
-7793 9052
-4372 3022
6866 7903
2140 2184
3249 4444
1112 2804
-6765 -1730
-1721 -3658
2746 -4782
1091 8225
8734 2520
6868 -6289
-3221 5436
5863 285
4721 -447
2651 1850
2354 5452
7137 -5441
1223 -6161
-4032 -6953
-345 -6274
-7424 683
5397 -9780
-2748 7945
-7498 -1985
6543 -9437
-9820 -639
7200 -2804
-5451 -9118
2892 8720
-5745 3571
7869 -2898
-40 -3551
197 440
-4851 -2493
9302 -4915
6708 7908
8753 -1669
4827 -1004
-7619 -124
-8009 -3453
-6363 -3609
9383 -9079
-5773 -7143
2159 4449
4601 7225
812 2337
-1220 -575
3248 -2893
-8177 7527
3918 -2750
-7886 8815
6475 -1309
9751 -2837
2684 -6637
-2172 -542
737 2047
-4405 1017
-6788 -9818
-269 3864
246 3519
-6245 1658
-103 -1283
-9579 -7174
4150 -3024
-434 -6235
-3533 -9342
-5831 -9029
7169 -3849
6181 44
-9223 5317
-4165 2384
-9066 -7790
7504 6541
4814 4416
8226 -7344
-6014 -6494
6115 -4520
5443 -9823
-8919 7475
2069 -6352
-4148 -2748
-4550 6603
6446 2391
-4537 2181
3423 -6556
-6151 -4679
-4613 7915
8199 -2490
1842 4493
-3269 6307
7901 -435
1108 -3860
-6335 9669
-6023 -4774
-4332 -2767
9074 8168
7833 -1052
433 399
-682 2491
-8632 2005
-5611 3965
8629 -7525
-2052 -3310
-6051 5077
5601 8216
-9037 -7843
-6780 -1749
-1461 4993
2991 239
6439 -5952
-168 -4272
5254 5583
5796 1937
-146 -5289
-3716 7902
61 -7705
-6021 5021
6774 -6674
-5631 -7585
1816 -1034
-3236 1313
-1155 -8500
-6938 -2589
1622 344
6231 -5503
1474 -6378
-560 -4374
749 8192
-9703 -6391
-560 3005
-4571 8505
-5742 -3106
-2242 -8904
-8552 4564
6891 6681
-5587 -9723
3154 -1644
-7129 7377
-9986 8735
-2398 4766
-4885 -4066
-4689 4634
-5747 4901
2357 2201
-3714 -5113
-7719 431
-6805 1490
-1778 -8036
-2047 6262
-8478 -4195
7484 -7621
242 1696
-1144 3329
-4898 -3344
-7996 8823
9722 973
509 -3618
-6077 -7459
-8519 -4485
-7585 -7563
2401 767
-9989 -1515
-3721 4429
1954 -9658
1926 -946
9339 -1624
8022 -8141
-7987 -4765
2957 9576
-4466 -6614
8045 4604
1184 6251
7725 47
-3780 -6666
9763 -2152
9479 -9843
-1951 8988
-3593 9868
2069 943
8869 -770
-7300 -2658
-973 7077
-9984 -7218
8403 142
-6237 913
5686 8263
-2513 1687
694 -7382
-6326 4387
4028 -4443
-3900 -3590
181 1764
5310 -1113
-737 -4163
6248 -7873
-1097 -7155
-9408 -1327
-2101 6185
7883 -835
-652 7410
9253 4372
-6800 -7741
-8082 -8964
-1802 -5214
6421 9004
-2437 -8226
5266 -116
9389 -2628
-1095 -3364
1933 53
7702 6282
-9456 1424
-6201 -946
-2712 6956
2945 -4040
5951 6540
-4410 -6834
-2403 -9935
8147 52
6014 -9665
5786 -5281
3933 -4817
3800 4255
6115 -5677
-4225 1370
4333 6893
7024 731
-3706 182
-3851 -535
1914 -1674
-5497 -6682
9387 188
-7459 -5944
-6490 -9873
-1878 7878
-6882 5340
193 -720
-8591 -9385
4637 1538
-4931 8439
-6552 -8255
603 1569
44 2376
4134 1571
7748 7618
-7378 -8389
-5075 -4477
-6538 -7218
-126 -1738
3118 2464
335 -1302
-4102 -2035
-5643 -7546
2852 -1629
-5256 3053
2342 9854
-330 -7573
6551 979
8136 643
-5787 5643
2252 4559
8906 -5210
-7436 -9023
-1610 -5487
8595 1182
4332 4437
7366 4892
-7205 3957
-1872 1589
-4719 5095
-876 1464
-4711 -2344
-9598 -6590
-8202 7346
219 944
3560 9400
-303 7796
258 6315
1590 -8631
-696 8527
255 -8914
-1995 6444
539 899
6700 6787
-9781 7080
-7293 -4837
3305 2925
5449 -6201
6426 -1526
4524 6702
9028 8228
4104 -8945
-6806 1882
8826 7784
-7316 -4536
-6102 -5205
-1361 -5750
-733 -6536
5974 6569
-1654 -5900
-5886 7683
3918 -7772
-2480 -9911
-2476 -436
819 -656
282 -2826
-1933 -267
-5659 -4875
307 -4656
7697 5648
-3571 4687
-6752 4157
-5598 9762
-2830 6564
7024 -1490
7758 -5629
-8281 5219
375 -9321
-2568 2638
6469 4168
5455 6589
2781 -5185
-6817 558
-8466 2684
-2001 -351
-9065 -875
-1085 7490
-4427 -1920
7380 -1030
-7676 5940
585 3211
-6247 8082
1415 -4896
6227 3724
-3749 6887
-9080 4246
258 3565
-1848 -2848
-4860 9172
4146 6661
1002 -3707
-4196 5266
5832 -438
7725 4054
-6746 -2136
-4187 -3032
-6131 -9968
-888 387
9128 9299
-7699 -2922
-8015 -7921
6043 -3024
1420 1707
287 4823
211 -2560
-9201 -4091
9463 -5095
-7992 8485
-7440 -739
-5571 221
-8781 1626
4157 -1399
-7372 -2985
7974 2039
2972 -8692
228 329
8798 -8564
-622 8242
-210 -9484
-5540 1424
7038 5282
-6742 2303
-2984 9852
4042 1853
884 -7467
8514 -5747
-2074 -7586
-4651 -4332
6040 6401
4537 -7654
8617 -5468
-4623 9066
1889 -4777
-2225 -7350
9183 4535
3228 1814
8833 -843
8662 7743
9044 -174
-7884 -9110
-9691 -2230
-5156 9367
8744 -6655
-1084 3821
-2581 -4488
-8101 -9343
1971 -5
420 -6498
3079 7866
-2135 7358
130 8402
755 2756
-4014 466
3489 -4118
4313 -8786
-9254 -3033
-5339 7895
-5559 600
-6811 -7095
2772 9698
803 7300
2962 -2309
-1704 5570
9715 -7473
3181 -6251
-3567 6826
9637 6134
3224 -3694
-6682 1300
-7302 -1145
7049 -615
7318 -9906
8875 -7988
6047 -2546
7237 490
-456 -6104
9040 6251
-3016 -5208
-9369 5705
-6713 -6639
-814 8763
4050 -7285
6516 -6832
-5671 4065
-3430 7383
-9978 914
174 1313
9001 8436
5924 -8531
9587 -2389
-402 -4965
1967 1969
6884 5750
6714 -9157
-1339 -7301
-200 -7134
374 2731
-775 4076
-2844 6506
901 8850
4513 7928
3788 6262
-8788 8734
2479 -8763
-4836 -4063
-5769 -1173
-4683 9167
9847 -1249
2477 -9198
-4874 1915
-3630 -3582
3010 -1360
-5364 8261
6676 -3606
7176 5149
9015 6630
2706 1865
9457 3047
-9943 -271
-9341 467
4419 -522
6445 -4637
4325 -6322
3212 -7681
3034 -6844
4515 -2217
-9396 7250
5567 7834
8409 -7705
4262 -9047
-1633 -2234
6070 -2225
-455 4795
-9136 6324
-735 9567
6149 -5005
-9738 -9269
-3619 8101
-3329 -3599
6773 5161
-7833 -2088
-4375 9544
-6984 -1261
-6895 -6043
-6427 5267
1524 -9975
5410 1785
1133 -2088
-7240 4810
-8068 -651
7593 -1698
-3667 6859
-4919 -7300
3750 -7687
-3664 7622
3931 -3053
-5142 9726
1905 1259
-7146 539
-5574 668
-3788 8656
-6791 -8886
-4287 -6631
448 638
1372 1581
-9567 4730
-2301 803
211 -4624
-2047 5712
7590 9263
-355 -9267
3495 8937
3925 1512
700 -3535
-266 -5416
4357 2147
-9746 -8604
1683 8244
1804 3378
-6808 -6524
-1290 -6782
-5033 8428
-830 9652
1265 -2662
3445 2581
356 -1235
5604 -5881
3286 -2155
2413 -8733
4639 7510
5036 2042
-3224 -1551
-8573 -3539
925 -3856
-9672 -6707
-6243 -8116
-6886 -5152
-9859 873
160 -6907
9934 -4681
8848 8080
-5988 -9460
-1015 4252
-2799 -7807
-1668 -5229
-1686 -7272
7481 4515
-2531 -4459
6797 3047
6996 4376
-9861 -4783
2720 9904
9189 -4857
-6901 -4895
1399 7569
9456 9567
7302 -3799
-2470 -6179
3054 -4619
-5452 -5088
4751 4258
-1938 -666
-3157 -4533
-1940 -2191
-9072 -6322
-1964 -2287
-8831 -8667
4387 -7746
2789 8646
-4132 5264
9173 5439
-3140 -1420
3654 9347
9013 -5266
6158 3130
2649 2641
1333 1427
3148 7872
7798 -4337
8352 -6679
-5764 8956
-5496 -4090
-659 7639
6639 -6347
-6838 4117
3056 -748
4100 -9549
6285 6462
5849 5906
-2276 -9549
-4311 -885
-9766 -1474
-498 384
1292 8669
-2864 6955
7583 -9497
-7004 1478
7793 7177
4424 -1269
-9010 2330
2347 7703
7881 8668
-2688 -1436
-9162 1724
5303 -8225
-8259 2904
-398 2893
1625 -6743
34 8900
7852 5678
3349 1721
-2500 1814
-1661 9932
-1917 9471
-7305 2620
9482 -5090
-5847 -2291
-7515 346
7612 1644
4146 9698
-1871 8085
6694 1306
-237 9084
-8743 6698
2749 2859
6418 8071
-5695 -7679
2287 -1011
9059 2868
9955 4587
-9338 -1025
-26 7949
-5946 -2748
-8170 -7401
-9706 -9638
-6940 3194
-70 8176
8309 -7068
-8340 -2800
-1188 -2214
-3896 -3119
-8701 1778
6438 -3710
8184 -5324
-4045 4724
2867 2004
351 -6270
-6172 8911
6026 627
8211 8448
9431 7274
-794 -307
-8113 -9550
7989 -384
7116 -1332
-5086 -1365
1183 5533
-2234 -2108
5029 -7413
2577 7729
-2547 -704
-2499 -7710
-2730 -8803
-425 -8844
-8624 -847
-7364 -3878
-894 -3187
-8776 -5177
6859 -639
2120 9836
-6615 5102
7698 4911
-1100 4312
-380 2494
-8535 6809
9273 -7017
-6544 5212
5493 -5596
-2544 -7959
-4434 -9478
5157 3768
-7333 5957
5010 -5008
-853 -850
8263 3204
-8755 -868
2035 -2869
8834 7957
4367 6173
3811 -6711
-1606 -2758
-6898 -1805
-689 8069
-3537 -6932
1735 1501
3360 -268
-8742 416
-5586 6530
6100 3989
3259 -1625
-3408 4997
159 -3127
969 -1241
-808 -4990
-2708 207
7109 2105
-3025 9132
1280 -2518
1169 1699
9581 -8487
1140 2592
9944 3201
7302 -9801
-6103 -1395
7392 4726
2261 -8358
7186 -2261
-6490 2325
2219 9685
-9065 -8067
3526 4538
-6482 5854
-2198 -221
-9352 2610
-1203 -5281
6969 -3837
-9997 -6389
-6949 2065
4218 -4007
-692 -3261
-3060 1480
-8272 -3767
1177 7689
9218 3494
-4967 9339
4012 -7657
-610 7597
-3347 2966
-101 -3167
6517 -5093
-564 2637
-5244 6440
8493 -2054
9175 -2421
-7125 -7017
-6490 -8487
-7131 145
-7674 3643
-4280 -2651
4300 -2788
-4094 4849
4459 9973
2483 6878
-8602 7862
-6803 284
89 -9070
-935 -7492
-1493 -5569
5964 3696
3384 -2745
7501 7415
9114 9037
8033 -6500
610 -376
9280 7422
-6392 -3208
-9800 8137
5114 2857
4629 839
-9284 6699
-5733 3608
-4463 -9421
-7595 6830
-751 4980
-7385 -8984
-3328 1349
8256 3091
-4906 5134
1322 8394
-1586 -424
-4027 8103
-7104 -9632
-7993 8
-1355 9508
-9226 2362
-9432 -7809
-3183 -1824
7526 7901
-9087 727
-1999 -9970
-2881 9858
78 1547
2272 -4444
-8925 5440
-3937 5835
-7219 4270
3566 -293
1156 -5729
-1800 783
7009 -3958
-5601 -4073
-849 3787
-9633 9239
-3049 3085
8811 -2145
9243 7809
-9801 1443
-6489 -6654
-7185 7295
-6750 553
-1224 62
4153 1351
9899 5856
1932 7798
1490 -1743
-37 -2212
-6308 -5985
-3308 8539
-6451 -7775
-2314 2571
6943 4298
1837 9685
3759 -1569
-355 7661
-5266 5946
203 -9870
5674 3652
-4760 -2698
6114 6478
-1792 3836
-2100 1042
-2428 -7360
-314 -2864
9166 -767
-102 4345
-5448 3209
5657 9303
-9072 8485
7359 543
5070 5011
-8460 -125
8742 5250
4144 4875
-6552 -8566
-1248 685
5963 4736
-5141 -4187
9618 -6747
-5340 -8302
-2148 9788
9769 -5130
5378 -3051
2739 9108
-5990 7512
6237 2018
-5305 5555
5928 -5060
-7350 -9054
9563 1839
7551 4518
9760 9950
10 9076
-3760 -7844
6127 1686
-1489 -1087
-7720 -3651
8900 -9798
-7023 8274
-3689 -6138
1876 -6232
5117 32
9853 -8751
-400 5131
-2124 2186
2296 7701
-123 9080
6220 5685
6433 4063
-3988 -141
-961 -3515
7006 -3776
-5897 9840
2252 4934
5308 -5620
-4609 -4918
-6579 2645
6064 4390
5512 871
-2046 -9164
1033 -5772
1524 -2458
994 -5962
-3028 1414
-1205 -8081
-9517 6413
-4229 1596
9187 927
-8234 2861
-9866 -690
-407 6558
7812 -5171
9642 -9765
1165 6718
1008 3881
1106 -3427
2983 3532
705 -3656
-737 1007
-7357 -9322
-3551 -2391
-2207 1239
-7411 3149
170 2407
-7577 6829
4885 -16
-5971 7802
751 5275
-5146 -5011
8791 2093
-8267 -5331
8958 -7219
-8826 9745
1635 686
8317 -9111
7599 -8238
8019 -1465
-9374 -6878
-5562 7823
2774 6119
-1863 -8010
-6316 3235
890 451
-622 -7640
-2500 7540
-2016 -4113
-8491 -8828
2155 -3640
-9618 -6688
8270 -7384
684 9770
8855 -8581
-3979 2717
-30 8140
-7258 -4284
486 -8524
-5901 -6964
8599 3242
-6895 3701
-2214 -1164
1447 1346
-3910 -8508
-5075 2275
4954 -6696
-3674 6135
4949 -5169
-5367 9329
-235 -7427
-6837 3275
7774 4020
-5405 -5096
3610 -8402
-9791 -7533
2413 6730
2803 3099
-6505 -3642
8282 -9048
9355 9762
9758 -4911
4411 7556
-8251 306
4462 3592
6420 -1635
-1245 -880
-8185 1828
4441 9412
8468 -5485
4313 -8029
-5419 -4407
5113 -2479
-4850 1367
-8336 2955
8562 8836
2562 7412
2757 8663
-5677 -690
-9030 -6044
-4444 8865
1290 9229
1144 -7719
5923 2681
-4835 -1703
545 571
3276 -7684
4404 -3288
-8816 72
-5090 -8084
-7644 -306
7206 -256
1648 9227
-8676 1216
5464 6681
3755 -2192
-9878 5928
-8172 -2699
-8460 -6253
-9677 8170
9779 9957
-7586 9766
-6653 7166
-886 5048
3508 -6859
-5096 -3737
8385 -7849
5247 -1944
5285 6128
-4626 9764
2162 -4138
891 2428
-3607 1924
-3499 3452
-6108 -9976
7785 -2078
272 -9338
-1489 2570
7290 -82
5356 -7729
6808 7488
-4417 -8490
3636 -6827
8629 5185
-8752 2435
-2443 -1193
-9515 7381
-6299 -2850
774 658
8118 1940
4134 2371
-3363 3571
-9326 9152
-3315 -5926
-6787 -4495
9951 2771
-1040 -5194
5004 -2938
5417 9409
-8450 5110
7504 11
-9473 6725
-910 -8843
4103 -9822
9988 -5457
-8241 -8829
9364 -8115
2358 1036
-9571 -1573
-2425 -8055
5996 -5018
-9523 3317
2172 -1362
4510 -6990
-3672 1218
891 -9533
-9072 -3808
3818 4170
9094 -3008
-6374 -4676
4207 7005
-7301 6874
2185 481
-3491 -7130
-9473 -845
2155 139
1128 -6890
5213 211
7016 3772
-5009 -5963
-1817 2567
8471 7005
-6802 9951
8851 7807
-8505 9608
-7616 8945
4270 -9511
1078 342
-7963 -5113
6030 -1876
-9831 -429
-6634 -2000
-5185 -3688
8710 -2885
8685 4497
-1545 1569
5664 8952
7715 -4523
-6813 8191
6643 6518
703 -3016
-1382 5271
-1487 6926
451 -8953
-6867 8084
-5178 -4358
9284 19
-6086 5543
-2695 9058
6701 8338
4505 622
-6940 -716
7389 -4995
9629 -1529
4866 5739
-8766 -7167
-4839 7882
-4093 -1110
-9686 4444
-7403 808
-775 -3312
-2504 474
6004 1578
-1137 9220
-9337 1993
1617 -4066
-3902 7415
-2050 -7813
954 9878
-443 8474
-7813 2282
7399 7449
-6522 -131
8474 -7615
-8112 7621
1136 5896
3603 6769
-5970 3048
-1809 -582
-2338 -419
6601 -756
-3141 5289
7980 -8019
-1854 949
3356 2800
-2690 -910
-2080 5435
-961 -9586
5386 9050
3116 -9117
969 -6875
4174 3976
-5629 4848
1554 975
7038 -1311
4162 -5955
1423 6965
2576 -4846
-9301 -663
301 8485
-9466 8749
-2056 4115
8303 -681
-4623 -7625
9656 -3079
6334 3225
3108 -9957
255 -6587
9166 -4828
-2992 7705
-9065 4241
5166 -8765
3884 -8876
-5635 -9127
-507 -7407
97 -5316
-8726 -5709
-7875 -2127
3305 -1600
3477 8848
2220 9166
6055 -1300
-8473 6976
-7251 2253
4754 7537
5696 1210
1441 8802
-1724 -7849
-8724 3860
5560 6720
-1438 5504
1492 -8643
2719 -7203
-3188 -9837
-9506 5994
-6557 6460
4500 -2099
7547 -1574
1716 7626
-550 5809
-6072 -5548
6089 7258
-8860 2484
3883 -6892
-154 -3555
-5350 -3740
-9683 2115
-1353 -9501
-3073 5702
7614 -3544
-830 -708
1005 6131
-9036 -8528
-6310 -819
3001 -9371
3903 5400
3398 -4794
3763 5105
-4877 5864
1070 5771
-285 -8492
-4059 1443
1198 -3471
3996 -3573
-1503 -6141
5018 -3444
-3480 5643
-7279 -760
-9523 -1138
3536 7951
-1803 9234
-2694 -1618
1929 -1851
4296 3450
3317 3907
2369 386
8579 -2349
-8563 2805
-7813 5251
86 8228
-8716 8709
-80 -1291
-5699 -2045
-8172 -332
5047 3269
-7959 -4514
-3099 -7894
-533 -6668
7931 -584
-2136 -8431
3665 -7130
-4329 8705
2190 4681
1438 1201
7548 -7343
9743 -185
-3187 -6712
-2060 2147
-4827 9811
5815 7885
-1278 3313
-3075 -6603
-6899 -3778
-3643 1687
4553 26
7840 5533
196 4831
-9663 262
-9802 -6279
8093 -4312
-5490 -9963
964 -5242
-5436 -8517
1161 4309
72 5073
-1498 2625
-8749 1158
8252 5159
2671 -4023
-6617 -6602
4338 -2568
1602 -1424
3111 -2226
3749 -9176
5321 2779
-2641 6106
5231 5259
8971 1027
3272 -5506
8866 -9531
7648 1622
-6414 8049
2048 -1935
3662 -1702
5577 -2173
-5868 5960
-8554 -5126
5054 7169
9190 7252
1422 5810
2851 -1667
6302 -5569
-7995 -6151
-8506 -7623
4977 -1332
4389 5426
8639 -7938
-5022 -9863
-3888 6210
5100 -9228
-6253 -155
5609 -1297
4203 1909
7089 2900
-4563 1242
6894 -2542
-2195 8678
9655 -9859
383 6041
-6507 4602
-85 -3420
-6721 3312
845 2475
7942 -6056
-7809 4560
9812 -7118
-8520 -5440
-4290 4997
-7920 -1274
-5311 4347
-3291 7512
-2966 -9407
6666 -8325
-3875 -8908
-60 -2380
-5164 9012
-7978 2102
-9194 9789
5290 2922
6233 4403
8929 1539
-1673 278
-3727 -6248
8187 2543
-1330 -1595
-3847 -1758
9187 258
1963 -638
8684 -8259
4123 9981
-9990 2939
6304 -3969
9070 -9347
-9429 8492
392 2282
1132 -5028
-7087 9698
5645 -1061
3865 -414
-1894 3089
-5609 5515
-7439 5721
3357 8493
2290 9069
864 1733
4379 -1940
9435 -3849
-7713 -4935
-6766 8341
-7938 3847
-7428 2821
9395 -4190
238 -9017
2779 3227
-8972 4215
-966 -4819
-3793 -6167
-6689 -8893
7436 -3112
3471 6403
-4064 9474
1631 9710
-8891 8927
4897 2098
8639 3268
9823 -7379
3994 8754
7950 9053
-7723 9774
1408 3716
2748 6086
-5786 -5841
2517 4680
2910 -1920
-4514 -9751
-6466 0
-5236 -2822
5004 4766
1800 3425
4066 7122
1478 1181
5161 -415
-4884 5957
3122 -4540
1859 -2774
9837 -337
9183 3079
7740 1073
6080 -6679
2059 -6690
533 6567
5185 -5816
7002 -5615
-7414 -5792
275 463
5332 3000
-3099 9872
197 371
4991 7610
-4088 -6846
-8941 -272
8857 -9263
-7643 8669
-2533 -7996
520 -4618
3917 9888
-4853 5487
-9745 28
2798 3553
1739 8694
4269 5463
-9693 -1596
575 3468
9946 2236
-3982 -5304
7874 5688
-3784 8234
4277 4075
6184 -9836
-3396 9739
-82 -1167
-6222 -7631
-626 8441
-5692 -9893
2371 1374
-5003 -4229
-5772 3785
3299 7846
3891 -8410
-2077 541
3512 -6690
9111 -4777
-1016 5698
-2973 5212
9327 9579
8275 2595
-6530 8505
7321 4263
-1987 -1684
9856 -1404
-8847 -7581
9741 -3512
-8114 -2689
-5859 6765
-8380 -3653
8545 -2054
-8055 9960
-5811 -3955
7980 -4482
7593 -1019
-7177 6822
-954 -7260
-1207 -9046
-7755 935
8464 4703
1009 -7934
8165 -8547
7801 -6280
-9398 -7590
7509 9902
2485 -5509
6051 -4396
8442 -7867
-6712 -503
9577 -2945
8012 -1507
-2145 -674
2225 3281
-9233 1442
-4292 1673
7791 3434
1803 5835
-2090 -1711
7403 -7105
-3911 4720
-4400 34
-3476 -8272
-5639 -9493
7964 9470
10000 6547
-7914 -2817
4033 -3432
2359 -4589
9262 9738
-7836 2289
-9919 -3235
1820 405
8306 -2331
-5724 -4893
-7788 -6936
2072 -940
2548 5152
-8965 8302
-760 -2176
-5037 -6643
-5699 9905
6571 5161
5024 559
8475 -3794
-476 7608
9975 4742
2982 9731
-9178 2218
-3334 -6286
-6048 1358
9997 -4798
-98 -1929
2300 277
9239 5494
-7915 6050
1788 -5037
-8923 -7
-2881 -1939
3291 -7158
1615 -2862
8767 -4031
7869 833
9801 4182
-621 7712
2750 7178
3117 -9847
6368 -3967
-7192 -3365
-8657 1973
-2831 -5740
8775 -2095
-2558 -7974
5129 8952
424 -7880
-1333 786
-1422 9281
-6017 7461
2295 -7311
-6575 -8200
-7211 -5059
-1620 4303
-5785 -6839
8790 -2749
-607 975
-6049 -5391
5712 6313
-7794 1584
578 5333
-3242 -9751
-6019 -5370
863 6131
8036 -6609
-7811 4441
6504 -7120
-8720 -696
9581 -3042
-2723 -3203
-8764 8285
-8287 7471
-1466 9408
4239 -1653
4018 -2042
-8065 3517
3998 -8869
-8265 2228
5848 8672
-5158 7297
-8514 -9098
1835 -6140
1365 -3692
7933 115
7436 -5334
8561 8372
8563 3272
3997 -1465
7281 -7211
4963 -8465
-7339 -8986
8843 -1160
-101 -5082
7088 8750
3041 8900
405 835
-7840 -4646
6571 -8067
1814 -1322
7081 1260
-786 -4926
3572 3103
3059 -4618
-3483 5053
-8553 5959
5739 7299
-151 -7568
4299 -8789
-5955 -961
1616 3447
757 -9255
7217 3722
-4766 -3825
1687 -1475
-7995 -7914
-2071 -875
-92 -3294
5659 346
-3732 3321
1602 -1559
5846 -7571
-2309 6584
-3079 -872
5027 9299
-3909 2241
-8213 -3843
816 6783
-7707 -4438
-2752 -1904
336 3133
6469 9290
166 3114
-3678 240
5947 -1731
8113 -7518
9053 -8998
3929 -3085
1136 -6852
-3897 8690
-3418 -7215
-4507 -4334
8195 -5569
9954 -4231
-5971 5888
-7890 3055
-2434 7043
-3805 4726
4325 -1898
1802 -9772
-2740 -7650
6676 9015
-9336 -5127
-8907 -8754
7551 2821
5428 9826
-1780 8371
-2548 9415
4212 -3285
-9081 -3125
9488 5720
7040 -9350
-840 5758
-1329 -848
-7052 -1932
4657 -5559
6464 -2661
-6516 -2491
545 -3021
-9140 -2225
7482 -1528
7852 2937
-7517 -1733
-951 8145
6022 -608
-223 2430
-6231 4344
-6813 7244
-6516 414
-841 3084
-5464 -5816
-9122 -3321
2861 834
-158 -6637
1023 4805
5551 -3113
6184 500
-2226 -3526
2142 323
-9141 -8920
7425 -992
-3193 -2689
-2188 -3203
7514 -1425
-6951 9618
8006 1030
7912 5986
-7026 -9352
-6589 -5674
8943 -3761
967 -625
3986 -2230
-774 -168
5207 -7634
-1630 -3035
1166 2206
3210 -134
5713 -5615
-8780 -3305
-2087 -5729
4337 -3355
-8072 -2239
2506 8408
-4940 -6634
4416 6467
8408 -8316
8328 -3672
-2287 3749
54 3428
-3272 -1650
4607 -2914
4738 -5295
-2010 6861
2738 6025
5142 -1479
7000 4567
-2096 -112
1625 6391
-5276 8030
9286 3840
9980 8153
5462 -7641
-7535 -9610
-4981 -3507
3710 -2596
-5348 3021
3647 5146
4634 9289
-6782 6574
7520 2817
8940 -3119
8161 7078
-8589 -4627
-3714 3426
-3719 7067
-948 2176
-2777 -8925
578 -9702
-6459 6017
-812 6965
7430 6786
1519 6940
-7754 -919
-6699 5690
-2291 -6785
-3530 6790
-1182 -4111
5313 4930
-807 7713
-1618 1750
6442 -5950
2659 7474
-532 -793
-843 9036
7720 5516
1793 -8855
-9425 -216
2376 9761
-2809 -6906
8380 -3030
-1700 7996
8167 -8969
1976 -851
-2177 4007
6145 8255
-4235 -1066
158 1358
-1447 -2957
-1872 2937
-8809 -249
-2532 -2895
9586 8467
-7460 8332
-6935 5654
-6335 1058
-3625 -3240
-6235 9023
9034 -5073
-9387 624
-1275 -9201
-7169 1026
6630 -3502
6176 -6098
4153 4187
70 -4705
-1677 -8837
8868 -2269
-6884 3315
-8340 -638
-1822 7192
7185 -2113
640 -8452
-6327 -9711
8470 3123
-3064 4539
-2365 -8783
-7891 -1125
7304 -4819
-461 7619
1450 1230
4009 -731
-9485 109
2454 2626
9572 -5542
-9490 8070
5133 5528
3316 -2196
-6212 9754
1926 785
3695 -2339
-6059 -7012
4839 -7779
6334 242
-5987 -9142
-1438 -5917
-2665 4866
-5794 -5760
5798 7155
-5199 -2038
9639 6015
-1836 -6360
7005 -1701
1059 -8061
-6391 7672
4049 -1089
6392 -3026
-7153 -3287
-1804 7002
1307 791
-4988 6494
4830 7017
-4599 9886
7310 -5398
922 2518
-674 -5366
-4085 -8990
-7322 6216
6215 -7961
-5019 -5595
-9832 8962
1798 -6775
3012 -5130
680 -657
4924 7557
1924 7127
-7119 8400
3802 -4680
2839 4874
-8855 6446
872 8224
-8443 -2984
-3201 9850
1677 6769
8323 7958
3 7224
-1482 9163
7027 3030
271 1204
9405 -8362
9731 -3787
8890 -7445
3828 2655
-6949 -4482
-3759 -6117
9095 918
6542 -3690
6895 2408
-1639 725
-7351 8117
-1442 -3914
1621 232
6430 4985
-2486 -4451
8183 -6911
-2928 -9207
-3626 -5812
9423 3176
-6777 -4340
-4746 1417
6174 -5754
-1062 -876
-4419 3564
3444 -6554
-9150 -6674
8236 -7982
5870 -5088
-7142 -2686
9873 7627
-3355 -5793
-1194 -7065
6186 -6087
-2749 -9725
-3078 -6487
-3192 3902
-8697 4329
-1989 -2454
1525 -4667
2449 9060
8113 299
9216 5238
2654 -7532
-3385 -3042
3503 7094
-1623 -2461
-5523 -7831
7347 727
-5067 -6321
-2551 -1195
-8516 -898
-9603 -4147
7689 2640
4328 6192
7441 -693
9826 -7301
-2889 -8119
-9346 -9867
9063 5501
5860 8216
-8268 -8665
8095 7007
9424 6183
7445 6533
-9018 3601
9269 -909
-2635 -8308
6288 -814
-3971 -6757
-2343 3358
1052 -9912
2610 -4736
2833 -2439
2841 -3733
-787 4088
3044 6083
-5223 3763
-8951 2474
-6542 9105
-5074 475
-5800 1469
-7660 -3349
-5094 7315
-394 -2483
-5634 5594
6450 9410
-6673 -5326
8992 -6005
-2420 3882
6269 9120
-9042 9273
-8259 5813
200 4023
1895 -2612
-7775 -6444
3038 4106
-6896 4271
-9465 1831
3790 1965
8957 4155
-313 110
-6274 -5388
2151 4510
-7061 8354
-6220 -2860
-6850 -5021
-9556 -3056
-7257 -6639
8794 -7664
-3545 4619
6642 9081
-2418 9745
8960 8768
-2446 -2277
3653 8637
3086 3545
-6687 -645
9887 5356
-7454 6902
-1102 7922
-6485 -438
-4825 -9985
4148 -4467
4183 2714
-7528 -1892
-6178 -8483
-1033 1960
-6106 7393
-9077 -3930
5490 7373
-936 82
-8032 8167
-1338 9501
-4668 8010
9094 -11
8187 -3997
1607 778
4077 -5355
4935 6534
4827 2538
5587 7746
-5925 6753
8411 -1674
-8694 2809
293 -7547
3905 -5516
6075 -2171
3304 -1914
-5740 -124
5297 3622
4674 -3667
8669 7264
3969 -8849
4434 7706
-537 -2168
6275 -9666
-4798 -4476
-8543 -2620
-8023 5940
9464 -3474
9278 6511
4249 330
2066 1899
8091 -899
3355 4157
2105 -9570
9303 -4887
7477 -1487
901 4927
-8162 -809
-8640 -2572
-6863 453
6093 5562
6164 5265
-6376 -842
1118 1816
-4009 -7827
4728 -5914
3631 -5206
9327 -9488
-2835 -5239
-1981 1194
-6481 -5851
-4114 5020
4646 4323
9736 8705
-2326 2031
-505 6245
9476 -4640
2635 -7654
-6292 -9766
-4771 5257
-7604 4196
1164 6469
-9268 -1195
-5391 4026
-6289 -2670
4174 6616
-8480 1632
-4630 1923
-5960 -6576
2355 -3178
-5496 -4223
5598 -5146
884 4366
1370 878
8950 -1905
-4413 -7256
-4271 -6627
-8328 1387
1458 -8921
-3647 -304
-5222 -9883
1002 6471
9032 -6210
-4280 -7282
1034 -3330
-146 -2943
3264 8235
5716 8560
-275 -3347
-7609 688
6620 2627
3879 9876
9654 -9209
102 1347
-2471 1207
-6655 1474
8623 -817
-2452 9914
733 3235
-9234 678
3816 -5732
5557 -6698
4300 5880
-2268 4455
6714 7182
-502 9973
-8390 -8763
-3220 -6184
2139 -7768
-655 -8987
1560 5323
3955 6957
8201 -9509
-5019 -7827
-6366 6807
8822 -7849
-6726 3267
-6820 8458
7093 -2657
-9738 3085
7070 -2142
6566 1110
5711 -1166
5673 266
-2401 299
6329 4250
-6301 6003
-5687 8416
-69 9671
-8531 -6046
-5074 -2740
-9447 8457
-5106 1499
-9494 9833
-2864 1224
5975 9255
-4271 -144
9349 8155
-6994 -3741
-4197 7997
2561 7713
8987 -9685
415 -6869
-7484 6864
-5134 -8120
7790 -7231
-2894 -6389
-3747 6242
-1941 6749
8935 8679
-390 -4886
-4029 2840
-3572 2444
4435 -6470
-8987 8930
-2982 6408
98 -410
8705 -8613
6050 -9433
2794 -6619
-6059 -2530
-7973 -4966
-7359 4994
2831 -1976
7666 -280
997 8787
7351 1980
3744 -7607
1380 -481
9324 6090
-6644 811
-1242 -1065
9994 1030
-5986 6535
250 2484
9172 5927
2724 -1508
-5383 8460
-4082 7122
1406 6303
6826 -9460
-218 4069
-378 9114
-1738 9582
2036 1283
721 -1707
4393 -3089
-1155 9365
-1476 2337
5567 -9834
7938 4469
-7484 -1437
4721 -7375
2939 -6281
1809 -8585
6779 -5388
3126 -5781
-3318 907
6122 -5912
3141 3039
-7705 75
-196 5754
-7830 3020
1820 1099
-7885 -7350
-9857 -753
-5125 -7631
-7463 4893
-3075 3307
4609 9371
-3178 686
778 3703
6766 -709
9004 1251
-7915 1692
3731 -7487
5491 -1792
-4181 5381
-9917 -9817
-5269 -9805
6230 6840
7474 9056
-6107 -3041
-1761 -2466
758 6335
-726 9856
-1344 57
3542 -2808
133 9403
2004 9270
5498 -8505
6151 -6949
-2235 7794
3413 9569
-483 6751
-5622 7337
1248 2888
-5923 -89
-3503 -4763
2436 -1284
-288 1924
7303 -2521
4452 1420
-309 4646
5454 4401
-7548 5626
2518 2627
-8373 -5206
-3587 -34
-8777 -4081
-7500 -9749
5603 545
394 -7927
-3883 -6423
7014 -4837
-8014 9981
6184 6020
-2423 -6926
-7807 7316
2625 -444
3830 -2905
-9044 -1021
-1501 1256
6345 -3965
8145 7331
-4617 4172
-6163 -2505
660 -1054
-3587 7710
648 -2309
5123 2748
-743 -7367
-8479 5317
-9705 2477
6248 -1058
1337 4575
-7594 -9276
-6009 3335
-1679 5185
7603 3000
1818 -4020
1354 -9358
-547 9950
-9530 4376
5661 9767
3664 -1080
-6600 5395
4010 -709
-6539 9767
-2438 -8040
-6167 5384
-7595 -8674
-6327 -5248
8705 -4473
-311 -5342
4812 839
1829 4406
5542 2433
9018 -8323
-4022 9593
1952 2625
-2705 571
-9898 -3950
7443 4650
8836 8180
1772 2931
-8286 9865
-8855 -1341
-4925 -5764
652 403
7639 2432
-7524 6841
-3435 8993
2174 -9373
2082 512
0 1712
-5513 9733
457 5100
-9853 624
4299 5986
-1716 7859
5249 7192
-3263 726
7558 4369
-3232 -1336
4521 -5697
7164 5583
-1006 -187
9903 -840
-6968 8248
7541 -4110
8253 2861
1319 -9848
7771 -9739
6253 -5947
-7276 2507
1197 3536
2902 3423
-2382 -844
-2931 -8843
-8552 -4186
-599 1900
907 -9739
-1188 7913
-6669 8808
-2180 -4817
1461 -7244
-9987 7772
5511 5922
-7494 -1885
663 9161
1247 -7398
171 -1836
4462 -9959
8176 8377
3597 5422
8009 4394
-8496 6148
-9653 -2090
-3506 -3381
-7859 -5971
3181 4057
6921 5051
-9815 2482
5857 -222
6857 -553
3928 558
2479 1302
4835 -8039
3537 9355
-5634 5874
-3711 8992
7596 8095
6327 8732
-3828 8502
-2667 6186
-3874 -7198
-4618 -1119
-6189 8096
-7254 5749
-4810 4327
5565 -2143
814 -8853
-6728 5952
6732 -8999
1392 8267
-7333 -9719
-9977 -32
1153 6980
4741 419
-9061 9602
-3564 -5569
2031 1840
524 -8064
6982 -4488
-9402 -235
-2209 9567
-3607 9673
2134 3589
-9196 2487
3472 5525
-725 -5425
5267 -8543
-1993 -9167
-5991 4502
3510 -86
2720 8200
445 4578
-3829 1807
9230 -8549
-6127 -5896
-9189 1916
4730 7376
8090 -6456
-5961 -2120
8964 5896
1125 7875
-7202 -7407
4590 8471
-1948 7853
-3606 -2762
4755 2529
4602 -6703
55 6561
6181 5523
1051 -5870
-7286 -533
8444 1020
3851 -4704
-6521 9885
-3 -6764
-7086 3888
-6847 6705
-8190 6707
-487 2690
-899 -3645
742 -5585
113 2820
8511 -8353
-9004 6731
1675 -6771
-8444 -6747
-1429 4733
9153 6550
-8850 -5619
-7988 -7898
-7373 3924
332 -2775
-8496 1923
-3881 1921
-4173 7013
-9228 7744
8387 -1726
3428 5032
-5677 2610
2339 8832
8332 -7336
-1440 -1323
-4995 -2790
-3142 9556
9011 -6487
-2683 3676
1692 965
-6962 1670
-854 -7345
1836 -9071
9779 -8398
-261 6271
-4893 -995
7189 3162
1874 -7667
6701 8081
8571 2557
8409 6908
-9586 6515
-1698 6697
397 -7923
-9352 -4764
-947 -9225
2076 -3779
-2898 -9697
838 -7970
1001 -1077
-2351 -5646
450 -1262
1658 -1693
-546 9643
6450 -8443
-2303 5665
-7606 -4111
7367 -5463
7335 1951
3772 5226
-7970 -7580
-9252 4810
-7821 65
-3707 642
-745 7212
-5651 -5933
-1895 -9935
3890 4414
7469 -5492
-8913 -6889
-6666 9421
4780 3984
-4886 -7317
-8700 -7874
-8496 -6943
956 -1473
-3954 250
4921 2074
5589 3736
7621 -8844
-6944 -6503
8208 -3077
2766 -4819
-1531 -6384
3410 6629
1373 -9675
2142 6069
-4737 6174
8621 916
-9238 9553
882 -3787
184 1042
643 -8687
486 254
1455 -4779
-3368 4504
3117 9135
8646 4177
1308 4136
-3366 9342
-3441 -3486
-7587 552
2451 6856
-5539 9201
-4891 2925
-9292 1090
-749 2379
-8857 2302
4919 -6942
-4479 9362
9144 -6902
-2082 2128
5662 -7562
-748 -5992
-223 -3357
1349 -6238
3101 7613
-2465 -5432
-5174 9912
5859 -3674
7975 6090
-3798 6688
6158 8493
-4985 6241
7947 9100
545 7336
9643 -5725
6219 -4202
5057 4582
1721 -9989
8897 -7969
3259 4987
-3531 6961
-4646 -5473
-7494 2178
5562 -1045
-5565 9252
-4101 6169
-7998 113
1066 6808
6570 -9587
-7620 -5122
-148 154
-4068 -7469
6548 -5144
8193 9451
5908 7231
-4843 5897
-8740 7529
-9966 1366
-9787 6099
-8133 878
5270 2250
9736 2502
-1460 6688
992 8218
-8228 6564
8544 7687
9742 -372
-7973 -8059
-6366 2223
-2822 7210
-597 2591
4734 4761
-374 1843
-2558 8661
-7906 8722
301 9230
1652 1223
-5154 8416
4026 -3719
8787 -5543
-4982 3713
4851 -3914
9418 3411
1615 -7036
1186 -6009
5562 564
7241 7947
1022 -3868
7275 3385
4070 9465
4193 -908
9392 3797
2296 588
-8580 -2165
4164 146
223 5600
-6672 -530
4292 4117
-2659 -5489
9831 -8576
7204 -403
-3295 -2450
-543 1404
-5654 -7181
-7739 -611
355 -7177
2350 6512
-6523 3512
-8858 1095
-1650 -9907
1654 -8813
-80 -556
-6881 3548
-4245 2550
-2952 -4931
7179 -4064
2997 -2603
1488 4534
7467 -4238
6231 -7484
6072 8629
-5029 2639
6953 -344
8038 2656
-5386 -3656
6670 -668
-462 -7142
9209 8676
7336 1058
-4792 5346
8848 -9820
7689 -5577
3979 8754
4660 -984
2946 8998
3499 3359
-7992 2396
7064 -9839
442 107
9633 3239
4129 -5924
2208 4052
-3721 8396
5559 5047
3504 2772
-6743 5706
-9039 -5224
8108 3156
7613 -881
-7882 -523
-7412 2455
-9876 -6837
1024 -7847
7554 -1477
-2430 -4681
5112 -7611
-4171 1801
-7352 -8165
2314 6517
-999 -9306
8337 3871
-3046 9242
4829 -4096
-4521 -587
3825 8973
6157 1460
-4810 -7844
-6187 8729
-4335 4102
-8871 -982
-9044 8984
-5226 1728
3830 6760
1306 -5791
5368 -7007
-2051 -2544
-7394 8733
7637 5444
-3610 -538
-5163 -7378
6903 6921
5960 3995
-9097 253
9916 6613
7547 -1271
-3126 2864
-9582 456
8199 -9440
-5396 -6461
-1764 5850
-8883 -2693
-1582 2237
9854 -9953
-31 -7629
5855 2017
-1685 3506
8062 -4805
9359 -565
1847 -3810
-2968 4602
-5058 2326
1053 4615
-3613 2341
-9680 9043
7400 -9144
-528 -6963
-8597 1240
9768 -3873
5523 -9336
6129 8504
4285 -1828
-9946 2678
-5340 -8552
-3916 -817
6186 4717
211 74
-2182 7222
1463 -5029
6632 5984
-5475 -9186
4801 9321
-5703 -8922
4824 7268
7043 -683
-919 -8816
-6212 2056
-5505 684
3558 8586
-4829 9660
1818 4299
-7906 567
8662 -2740
1809 -9079
-4179 2023
1446 -8118
5761 -2132
-2156 4107
-955 8840
-6132 1718
6922 -3306
-6304 -6942
-2317 3825
-3137 1272
914 -4729
-4604 4332
2033 -9392
-630 -3490
7718 -1536
-6074 -6606
-6637 -5298
9099 -1414
1819 6765
8701 5124
6627 6005
-4502 4657
-9607 -3458
-4239 3250
1988 4270
4151 1941
-7740 2538
6397 -7028
7474 4211
3472 -7931
-7798 -5850
2171 6875
-2306 4594
-6069 6366
-5455 8264
-5634 3924
3551 -5116
-5249 -3630
1453 3269
-2173 -3956
-7323 -8665
-1903 4788
-6060 -1887
3481 -5281
-9453 -3335
3981 -4747
-1390 -8723
-6090 851
-7699 -2483
106 1469
2079 2606
1142 -7567
5458 7142
6403 9816
-2171 -4305
9036 -5642
379 9491
7779 441
-5376 3354
-1225 -775
6865 449
-3564 4298
-2773 -626
294 6229
5871 -4533
-8170 -9774
-516 -5665
-904 -9756
-3606 3613
-2932 -4870
2989 -6247
3156 -8238
9831 8833
567 327
-1646 8341
-44 9527
2867 6245
-1041 -9433
9244 8268
-68 -9519
-4249 -3232
-1463 3747
9359 -5652
-2886 -5843
-3899 -5882
-8361 -3670
1450 1521
-7960 -2790
5682 -153
-64 1516
-5761 8058
6694 -3770
2806 4514
-1446 8330
2530 -9990
9685 1392
7473 -2654
1373 7356
-9097 8432
3567 -716
8048 4437
9168 -985
6222 3999
-494 -4478
853 1079
3483 -3929
8675 -8827
-1187 -800
-9968 6297
-3878 -8597
-260 3433
-2814 -6581
-6941 -5789
-8104 9788
-7489 6813
1412 3491
-8873 -8012
-5717 -9054
5632 -2459
4842 6659
-7370 -1426
2675 4761
-5041 7933
-5384 4592
-7464 -8113
678 8444
-7350 599
-9764 1711
-6507 2559
-8085 9817
7959 5773
-2123 -3868
-151 2883
-5787 480
-7964 1600
-4053 -3062
-7551 5290
-1829 -5936
-2687 8033
-8026 8075
-8438 -7840
-6936 -7177
5146 -8837
-6148 4302
2167 3141
8159 9073
1024 7549
-2476 1726
-9544 -5648
1879 -9254
6792 -7973
5427 2575
6972 3188
6354 -8413
-1855 120
-9951 -1487
6825 3335
6837 -6836
-5385 4739
-2990 -5038
-8402 1742
3989 -3879
1695 3654
8857 3766
-8786 6172
-7224 4188
4382 -1803
4252 4995
-104 -9507
-5800 2885
9590 -2383
452 1797
335 4337
-3830 -3345
1461 -435
3425 -7457
6732 2813
3071 4186
5708 -8187
-6131 5897
2714 -6990
-4958 -7129
-4871 4214
-7287 -2150
-1766 -7044
-9334 5685
-8057 3958
-6141 -1641
-1112 2020
5893 7880
-9680 -6414
-9100 -4960
-9514 2620
5515 -3445
-5148 4004
6108 -7320
-8572 5260
-4359 -3479
-8157 2828
-8847 6146
8020 -3009
5646 -5435
-6729 9371
4615 4469
2865 7810
3747 5056
-2521 2539
5710 7736
6872 8254
4853 406
4168 1549
7633 789
5101 4197
-8728 3745
-5666 -3065
-5411 -3845
3055 -8946
-6930 -6654
-6395 -6729
6773 -5528
8493 -3879
-6189 5031
-8358 -2958
-4840 2029
-9274 -104
6207 616
774 -5483
3200 2084
7982 -3333
9336 -8883
-427 -4366
5211 7801
-2840 3510
-1948 -4477
-5087 5589
-7295 7145
-845 5416
2436 6551
-6000 8867
-3370 4645
7785 -590
-8725 6164
8587 -9956
7670 4824
-8343 5255
-8921 -8877
4951 4264
-2 7964
-9190 7137
-4369 4716
7476 6996
3388 -4868
-3469 6174
8510 5491
-5646 -3402
9391 -9351
4181 3685
412 -9843
-9411 -3663
-6298 8075
9766 -5771
-7867 3125
-8456 904
-1015 -5545
-6374 9336
-4769 6014
-9890 2789
-5144 3746
-7037 6284
1920 8446
6653 7285
-5559 3236
4904 3966
-5787 -1400
-9484 -1820
9546 -2837
-9197 2470
1497 -6783
1277 3266
-1972 4716
8643 7620
3070 9087
-4942 -9712
7976 4898
2196 1674
-7610 8729
-2555 -1470
-9340 1393
-3162 -9983
1556 2108
-5779 9758
9910 6761
9676 -1780
114 -7677
9638 5099
9773 -2196
-4992 1815
9413 8204
5635 2965
-6937 -1109
-2409 -4223
-3592 -4058
5567 4915
5668 8428
-5810 1509
-7513 -7467
-3656 5039
6388 191
-7502 8688
2111 -483
1584 5016
7268 -2536
-6818 -6939
-7932 -6760
-951 -1695
-4479 6071
-4859 450
1647 -9500
5507 2226
8984 -2720
-4464 -4862
1940 -7173
7961 8641
-6082 8312
-5291 -7431
-6820 -6408
-5145 6507
-1786 4035
3903 6375
9328 296
3971 -3460
-4584 -6407
-6900 -1514
8215 -5826
9328 5314
662 -7941
4266 2958
-7571 2174
7444 -2904
6961 8191
2077 8198
-4618 7484
-700 -6084
-5303 -3565
-9536 8155
2288 -1059
7839 4846
7229 1065
-542 -2221
-8905 439
1939 7327
4263 6520
-9610 5878
-3449 -2371
8230 6904
-6604 -3135
6833 -3096
-2706 2149
434 2515
-921 1641
-3028 -3509
3816 8301
-5958 -9846
4025 6844
3672 -7209
-1172 -8589
5409 4380
4537 260
-3767 7088
3236 -6035
7843 9082
-4206 5391
-9649 -975
5254 1216
5359 5672
-9708 1116
5467 4657
8649 7135
6332 4658
2432 -5689
-2482 -8253
793 -3125
2871 8839
-235 953
-4883 -7035
951 -9223
-474 -7633
3263 -1297
-6027 9743
-4236 -9854
-5514 -4385
-419 4935
-363 4602
-381 -3332
-3959 -4209
1937 1922
-5993 -689
-193 -8710
-3241 541
-6 3949
2518 9017
-3185 -9191
1804 -7039
-4197 -5114
-2555 2729
2916 7273
-9990 -4020
8188 -7664
-1913 -5796
1651 1901
-1694 -798
2883 5746
-5131 -7501
-4871 -1068
-3106 8786
-7797 5146
5280 -8162
-9140 4332
-3801 6344
7507 9300
9307 4037
1036 -9102
2146 -7188
-6419 -9869
3991 -4197
3078 171
759 -8044
5605 -7043
-229 -2954
-2916 7996
-7176 -8287
-4290 -1823
9391 266
6161 -9595
7846 -30
-6563 -9011
1480 -9339
7535 -9287
2 -3348
7984 3151
4017 6997
1217 4809
-3278 7956
3933 -9443
-1629 -9662
-2608 2063
5522 -8978
-139 -3649
6508 7984
3249 8850
4571 -941
-3559 -1620
8017 1529
1855 -2902
2059 2562
3693 -2978
-6680 166
5852 1434
9452 -329
-8701 -3343
1921 -5461
-6617 -215
-2335 6296
9455 5708
-8657 8536
7187 -8646
-5404 -8884
6772 5788
-9713 -9916
-4730 -8009
4555 1092
-6366 -8423
-7095 1136
4116 -2070
-6288 464
-1443 -9198
6860 8342
-1509 575
689 7325
2447 -7421
-1951 -4138
185 -6732
2276 -7784
-4626 -6746
-8362 -5072
2485 7167
-7334 4798
3068 4209
-4442 -9893
-477 -6777
-8825 -9798
-9319 -7257
-4542 -8560
-6710 2304
6921 3930
3190 -352
-1114 2974
-8516 -7207
-8475 -6242
9558 9019
-9289 9502
4470 1464
-4937 -7592
-6561 -7621
-8527 4445
5848 -5827
-9383 -8321
3329 -5908
8371 6245
2796 -4615
1376 -2343
-6773 3753
1287 -7654
-6789 2260
492 4809
3469 -8118
-3377 214
-4366 -4369
3956 -6824
3004 -4534
8808 -4377
9896 -715
-6039 -9972
1440 947
5510 7296
4564 9663
4722 -1234
2883 6341
-7138 7690
3649 4760
-5654 -3906
4610 396
-2705 231
7257 -7945
6574 -9
-9635 5442
2879 5618
9246 9834
-9164 9961
4656 2750
-5516 9373
9479 1195
292 -9246
8317 1755
-3800 -5633
706 6569
3165 -2154
-6649 -3910
-7592 4694
-7219 4350
3980 6785
-7844 -8065
-3894 6152
-1758 921
-4606 1716
-2005 -7339
5862 -4070
-9521 9062
7392 -7533
3622 7910
9533 1664
-1727 8817
510 570
-8017 3688
8147 6969
2023 3992
3147 -7249
-8100 -1441
-1376 2513
-6623 168
7767 3277
-2871 -3834
6267 -8072
7174 -5473
9259 6266
8411 3450
-957 7326
-751 1274
-7290 9972
3077 -3868
-2024 4171
3417 4925
7309 745
7117 -9038
-1715 8543
1370 -3066
7534 -4494
-891 2162
-639 -4909
7034 -5969
9182 2024
-8372 6063
3517 -9653
7348 -3789
9869 1338
-7796 9363
-3241 -36
5955 9504
-9348 -3340
-9908 7651
4133 8362
9975 514
-3329 224
-8954 200
-1868 4101
-9104 4451
8187 -3066
-458 -3857
-8477 7326
7985 8681
-6017 -3448
-4068 7987
-9599 -9694
5235 -3124
-7521 -5872
61 8423
-442 2025
-7338 7023
1519 39
-755 -53
-3167 -8736
5584 -2636
4174 1789
3710 -2366
-9834 887
-3086 3566
440 5333
1229 -8907
3798 -9988
6965 -4690
-5850 -868
9276 8465
-7691 -3794
101 -1009
-9905 8164
1913 2006
8302 -1140
4311 2696
4522 -7943
3063 -8890
5421 -8672
-1088 -4929
645 -1574
2025 3361
-7045 -7433
-8554 -5725
2406 -7048
-1828 49
6782 5808
4832 3429
8616 5191
5372 7382
-9168 -9172
-9498 -915
-4488 -6856
8433 7971
-946 -7814
-5989 -4436
2294 3848
-3307 -492
1446 7970
-9991 7205
1856 1803
2738 8859
-2902 1585
6212 -2818
-3662 -8042
-3881 -5938
-2480 4497
-5424 8664
-6883 -9962
3233 -247
1138 -7098
7662 6061
-5856 -5827
801 -1013
-7832 4170
6553 9054
-4893 9435
-5661 6525
-3676 3175
-1481 4938
-6877 -4117
-187 752
-1235 6639
4856 -3061
2502 7932
-6816 2499
-6190 5983
-8944 7494
9783 -580
5038 -8922
-6107 -549
1287 1089
-9561 3639
6807 -927
-510 7074
3466 -5901
7538 952
-6369 5383
-1113 1214
3903 718
-4657 6323
-4926 8161
-6073 9738
1639 -4828
-7756 -7939
99 -2226
8827 -7330
5490 -7724
-4468 1791
-4912 -6212
-4650 7332
-960 1336
7433 -2140
-1060 4233
-3922 1863
-9277 858
-4977 4956
3807 2737
5489 5201
5061 5085
-8559 9966
-5333 4567
-6493 1406
-6551 3354
-9623 727
-7115 -4170
495 7873
5672 4333
5805 3125
-9989 4338
7395 -2687
-9303 5167
-3871 7022
1529 -7880
4644 -1337
7842 4659
6090 -6159
7265 9707
-3319 4259
3762 -8590
-4117 3630
5986 -4271
-3465 9399
8061 -1174
8753 -8018
-3090 6763
-6042 -725
5239 6447
-6786 -7435
-5623 1272
9422 2767
3388 841
-9942 -9513
1658 672
1971 -5659
-6139 -8178
-953 -9659
79 6064
-9476 2387
-7396 1658
-1220 5605
-539 409
-6993 -5244
6022 -608
-1680 -3704
-7767 8717
-9732 4208
1093 8640
7142 9843
-8173 -5583
-1621 -580
1092 1264
-1853 5300
-9160 3611
-5964 -6205
-2249 -5670
-5739 -4513
7001 -8327
-8624 2694
5921 -6633
4831 -5725
99 -1477
-7235 -3159
2826 -4661
-8901 194
-4085 398
4349 -8350
-3932 7839
-6270 -6489
7195 -5950
6681 8650
-1365 -2881
-4767 9530
-5920 -9904
-3527 7904
3445 3010
-8695 -1581
-1804 -9222
1649 -3547
7593 4521
9658 7474
6751 -487
-7567 4827
-691 -9041
9094 -8955
-2527 -2989
5057 5224
4333 -3050
1532 5957
913 9537
-4733 1357
1579 -1064
9946 -689
-1245 5721
-9583 7507
-3876 1303
-4054 -2605
-6366 3284
-7652 246
6975 -4581
3406 1809
-788 -5553
-9543 8918
-2226 7055
4768 -4428
-9518 -4615
2398 -4456
-1511 8226
1673 8087
-8441 -3289
-6033 -8860
-4357 -8666
-1224 514
9746 5799
4856 3706
-9779 4872
-1028 5111
-9547 3732
-9827 -4685
1987 -4846
-4538 6820
-8014 5758
273 1018
-6380 -8096
8547 4919
4260 6634
9250 -1806
9578 5205
2261 38
-5426 -3630
2125 -4071
-7015 6846
8638 7887
-4102 3567
2701 8978
3206 -448
-6669 -8067
9444 6584
-6303 2331
6779 3007
-420 -9802
-8704 1949
589 3809
801 4449
6456 1152
-4483 8539
-7321 -858
2374 6915
6082 1586
-5889 -9870
-6276 2662
2245 -2032
5798 2448
-5454 -3908
-5832 -2535
2040 913
-9399 -6857
-930 5162
648 -4400
5212 -5752
1075 7087
-8030 3534
-7757 9471
-6891 -4854
-8348 -2425
-1622 9802
-6816 -5000
-3121 -7238
4730 -5456
3904 -9759
-2082 -835
-5036 5640
-8074 310
2778 5994
9461 6846
-4834 3045
8105 -6554
7553 -8372
-8687 -1143
7761 9408
-6163 -1691
2552 -4416
1266 -1937
8400 -4485
-9861 -1692
258 7124
2230 7448
-8155 -3071
-7993 1651
-621 -4088
5034 -1245
6583 -4138
9826 -4804
-2513 -6617
-1493 4759
8985 -4316
-7966 2998
-934 -4942
-7098 -8739
-9403 4113
-5759 -7317
4310 6349
2380 -8850
7438 5742
-4578 -1141
7099 5406
-39 -1425
-9724 -4779
-9440 9395
-2172 -8002
2760 -604
3228 3040
7678 -4167
-7405 2969
-1345 7603
4772 4394
8196 4061
4479 -1351
8605 3299
-4590 6631
-4504 6675
-4169 3667
-3431 8690
-2980 7323
-6142 -1258
-3039 8399
1776 8854
4807 8500
7478 816
-9037 -4844
-6931 8291
228 3584
-9753 -252
5586 8185
7005 2447
8500 1732
-3334 -2618
-3438 9003
-9538 7731
-7304 6427
-3321 9690
-2435 8999
-4927 -8136
-5087 8343
-4577 -4199
4029 9083
517 4979
-3625 1185
-2044 7064
-7113 -3092
-8959 6710
-5618 5896
2338 -1044
301 5068
-3802 -9065
5291 5727
-8545 2815
-7746 3231
-4811 6009
-6021 -4422
7811 -8656
-4649 -1773
6560 -6556
-2040 6052
7848 9889
1230 8488
2340 -7532
-4647 814
3831 -2409
-3143 -4701
-736 3007
2249 7420
9869 -8972
1096 -5077
-2587 -5571
6996 -8362
9278 1085
-3787 3460
8286 -6645
-8916 -9387
-8742 342
-8506 -97
8693 -5559
5568 -4498
-5369 -4982
899 -3648
-2835 5319
-9416 1332
-3066 -514
5935 4158
9130 91
-8073 6247
-5360 -3731
9836 7342
-696 9248
5536 -4747
-9258 -4464
-4384 2509
487 2365
-4244 -2136
-7332 7269
3165 -2908
5560 871
511 -8013
2382 -6699
-1191 -5932
8321 -4942
-2308 9814
-6637 -2496
-8381 -4489
-2280 4711
-5984 4319
555 2527
2478 7127
-8644 6941
9655 6141
8593 9189
4801 644
-5963 -5031
-9334 4463
-3659 -3767
3614 -545
8161 7057
-1426 6349
6402 -1821
7888 6502
-4442 4942
-8641 -9792
7402 3609
4671 7435
3109 8516
-609 4549
-5117 9834
1122 -6324
7496 -2489
-3586 875
8686 -7570
9618 -5438
3216 1529
-8869 8255
-5518 -3849
-1085 -3566
646 9900
-5372 -1410
8671 -2862
1241 1448
-6869 6945
8719 9626
9069 -4524
-5509 -2746
9986 8710
1067 8558
1905 -7926
9415 -9078
3963 -8682
7221 171
296 639
4412 1758
3095 -417
-6342 5233
2445 1785
6197 3689
-9465 2401
6854 7706
-9674 -2604
-4247 4540
-9643 -5923
8124 -980
5393 -4740
4070 8118
-3849 2862
7709 55
325 4222
-3318 -6802
9887 8919
-7198 -3290
-5641 7279
477 -2628
9497 -610
2692 3561
-2113 -6817
-6948 9081
-7613 7528
5726 -2556
-230 4183
-1442 2272
-6735 -6659
-7400 6589
7360 8445
-9243 -1330
1182 4379
-6934 -5977
-5070 -506
656 -9626
-6425 814
-8853 -3696
-4001 810
242 742
9201 -5010
4471 8878
-8251 2501
-3524 7988
1315 7661
-2227 2070
-6011 7761
-2886 -7133
786 3506
-5389 7458
1597 -8351
3187 9390
-2559 -4815
9864 5698
-1635 -3635
6270 -8662
4189 1436
7428 -5754
-9610 -3952
-8506 -6156
-1690 6007
-7204 -6121
-2713 -1878
3759 5917
4153 130
-2512 6817
-4008 -4489
-4438 4143
-7927 -6368
-9246 5968
-4646 7030
4436 -8561
-7086 2084
-3661 5591
183 807
-477 5126
-6457 6795
6428 4159
-7293 408
-2618 6400
-601 2106
7448 4533
840 860
-617 -3332
-8175 -952
-2516 -646
3720 1111
885 7077
-8831 -977
9572 7269
-7030 -1092
-6676 -3025
9811 -8281
-122 8490
8520 5037
8143 -5359
-1189 1326
1857 5898
-1094 7435
7992 -9273
-8522 -3978
-7458 -9135
1056 -1753
-2718 9107
7523 8911
8995 -3822
1250 3237
-7907 -4938
-8413 -8208
69 -8715
-9966 -4903
1095 -7576
-1932 3743
1047 5063
7622 -9622
-5570 -2467
5608 2277
-2108 8255
-7648 3148
-7860 -7662
430 -8622
7355 -268
-9677 -4736
-2522 -5385
-4045 9392
-9519 -957
-7831 -6443
9395 -9069
5962 -5091
3333 7161
790 -4802
2065 -205
-5356 9784
5937 4428
4616 2095
-1615 -1786
-870 -40
562 1127
-521 7764
-882 -7250
4523 2369
1973 -5733
-9849 -7556
4036 8400
-3843 1391
5875 5723
-1627 -658
4802 8400
-9015 1488
2749 2697
-5538 7282
8520 -9029
-3609 4825
9476 1375
37 -6290
9851 1290
9079 1861
-8453 -4145
-6897 6048
4376 -6394
4330 -7466
-8297 -5877
6656 -4560
8753 -3820
7944 -3196
148 -932
-3742 -1105
4023 9195
-793 5353
8175 -4154
-1864 -828
3446 -2531
-4974 -755
-3272 -9429
1238 -5005
-1709 -2779
-4247 1161
491 -9788
-7336 -7802
-4874 4684
-7939 -8807
-4859 -5677
4815 2344
-4568 -3303
-4959 2412
7740 5758
-8822 2758
-3623 -1998
18 1751
6295 -929
1895 -492
8501 -2411
-9488 -4309
-4055 3037
-9335 4603
-8658 8098
-7572 -3708
2567 4757
4838 7808
7913 -2880
9700 -1636
-2951 2148
2035 -1751
982 -3939
4506 -5466
-279 -8743
8317 -1570
2448 -9543
4750 1008
9820 4632
-5904 -4060
-9920 -5057
2739 -5422
7261 7818
5028 -2150
-570 -9192
504 7744
3848 -2184
7007 -8892
7904 -8477
-2048 8585
3305 4058
-1237 -5754
-8158 -340
7021 1975
-7695 2429
-7387 -1934
-4095 -8222
6773 3748
7855 -8861
-404 6845
5064 5001
-3015 -3874
-4282 -1374
-2826 -9087
1782 4604
-2782 2312
7901 9486
-6976 9386
-739 -8051
13 9098
8531 7415
1005 3399
-5055 8007
-7633 7234
-5421 -4658
-4479 3622
-5288 -4434
4801 3461
2779 -788
224 -8695
-1649 4758
690 3131
9606 -7887
-1706 -4978
6726 6573
-6294 -3210
-8421 2349
-7951 7160
-9562 4758
-3986 -3929
6940 4323
-4158 -5908
5719 -6054
-8339 4953
5008 -9670
-4829 -3681
-9177 4702
-2480 5482
-4694 -4762
-2172 -3048
-9141 7642
9917 -958
4490 2620
39 8681
4781 -7250
9842 -8344
-9481 9513
-9240 5773
-8632 1692
8418 9852
-2109 6122
-6556 -1139
-864 7521
2116 -3087
-4624 928
7263 3522
7461 4117
-7604 -7354
2040 8785
3825 7488
-8157 -1721
998 -6342
-7192 1855
8046 -3965
-2428 4881
-3654 5258
-2120 -1267
-6026 -3015
3101 6273
-2091 2141
-4796 -5658
-6626 3272
-3462 -975
6039 864
-6931 7941
8012 -7259
-5062 -4122
-940 107
-19 -2939
-6247 7156
4657 2545
5978 -895
3803 -5317
-9582 3471
3052 4009
-3790 -4315
-7254 3521
9712 -3076
7281 -7145
-3821 9385
1811 511
-4100 209
9101 -1689
-7332 33
8423 -2152
-2689 -6588
2676 4669
-7447 -2165
7990 -9180
6219 5792
1337 6130
5442 8813
8476 1387
-4203 -7340
9234 -9409
1034 -9439
667 -9022
-2557 -206
-5814 950
5547 5031
-9408 -2139
1311 -6707
-106 4887
9416 7197
-1195 6865
-6642 9595
-2545 -8007
-4165 -5590
-711 8587
3859 -869
-6166 -5930
606 -8400
-1649 3403
-5627 -3028
-1306 6284
3779 6274
4282 -5003
9629 151
184 -3294
-6066 9304
-9317 1169
-8611 2324
9362 4562
2707 -7515
7220 3774
5757 9263
3165 4368
-604 -8447
8194 -7337
-5819 5293
-7115 -747
-7297 4598
-7017 7415
8563 1242
-6622 5363
-7188 -3227
2329 -9377
7867 -2264
9437 4975
9417 -7702
-3952 -3993
-9247 745
-3233 1349
9805 4803
6128 5803
-5935 -4735
2441 4051
1887 -7818
-6281 -2307
-2416 5308
-4405 -6108
-3510 7945
5206 -8611
-8527 -1772
370 -218
6445 -3193
-3084 -7128
5519 9240
-9744 -2331
4535 3126
1638 -6698
-7473 -6514
-1108 1274
-622 -5670
-9854 -1487
1955 -6427
-9459 -193
7085 7729
-4017 7095
6958 6286
7979 8225
-7138 -5360
8685 2731
8548 -709
-1440 -6467
8202 3722
539 -2472
-6947 -5974
561 -1278
-2092 6153
-4165 3665
-2246 6815
-5115 -1673
-4383 -1185
2339 6500
2936 4215
-7669 -1097
1561 1170
-7980 4245
-7926 3076
780 -1419
4056 -1588
-7324 4626
-5994 -7743
-7960 -5604
3870 -1411
-4685 8624
9697 -4025
-5781 -48
-35 4336
-1363 9285
-7626 -2748
4254 4307
-2684 -6991
-7290 -8491
7270 9099
-8139 -5576
1930 4712
1494 812
3492 8936
3496 2487
3111 2474
2677 -1525
1814 -5798
-948 -6639
3173 -6686
-9731 842
6920 -8307
6532 -4386
-1896 -5464
4801 -3050
4557 802
5141 -1456
-6883 -6148
-5258 9712
5877 -4086
690 -1548
4978 -9722
-6556 9726
509 -3289
6408 -7211
-3250 -8059
-3646 8957
2694 -3474
-5992 4971
-3856 -2032
-4840 6906
7044 -9794
-7585 5435
-5237 8777
9518 -765
4815 1073
5212 -8815
1139 -8696
-9677 -8361
2933 9568
-169 7501
7301 4017
-8376 -5715
-8605 -4397
-3624 3523
-4589 -6146
6176 7679
-7067 -3660
-6979 -7059
-3664 9538
1675 1452
670 -1834
5612 846
-8227 6499
8525 2552
2005 -1178
-8113 -9072
-5499 5957
-5913 1342
-3222 -2210
469 622
-7845 1487
4334 -3467
-8482 5554
-8687 -8096
1862 7523
-5865 -6560
-5848 -1822
-7152 4549
-628 -2210
594 -8217
2609 8731
-3560 -646
501 1463
6858 -2823
-8407 9992
7837 -6683
3492 -144
3475 -793
-6215 -8293
-5152 5367
9903 2916
1114 -8586
4187 6075
1342 -181
3472 9369
-9002 -9874
-7397 -9201
-2625 469
-3367 5152
3434 7019
-9513 4549
-4070 -4004
4255 2576
-1979 -5096
-326 7250
-5242 -801
8536 4851
-5715 4299
-2871 -4312
9309 4000
-6377 -9081
-6893 -6352
-6978 -16
9117 -155
2593 7965
5696 -3254
-2019 9025
-6213 2107
1059 -9733
9715 -8171
4020 -8160
3034 -9326
2568 -2927
